1.0 (-0.11672077723995719,-0.034065725195791235,1.4895504951987597)
  308
  319
  368
  380
gauss: (-0.1167207101262967,-0.03406571200200662,1.4895504637366859)

1:(-0.1167207101262967,-0.03406571200200662,1.4895504637366859)
2:(-0.11672071032431186,-0.03406571182508256,1.4895504637366856)
3:(-0.11672071277170712,-0.034065712542958496,1.489550464970704)
4:(-0.11672071294890386,-0.03406571234951609,1.489550464970704)

1.1 (-0.11672071294872709,-0.03406571234948039,1.489550464970621)
  319
  368
  379
  380
gauss: (-0.1167207101262967,-0.03406571200200662,1.4895504637366859)


2. (-0.11352466005526556,-0.033412160984999564,1.4880595857479035)
319
329
379
380


gauss: (-0.11672071012637786,-0.03406571200201662,1.4895504637367214)
308
319
368
379
